time	time	departures_all	arrivals_all	stuck_all	en-route_all	departures_car	arrivals_car	stuck_car	en-route_car	departures_pt	arrivals_pt	stuck_pt	en-route_pt	departures_walk	arrivals_walk	stuck_walk	en-route_walk
00:00:00	0	0	0	0	0	0	0	0	0	0	0	0	0	0	0	0	0
00:05:00	300	0	0	0	0	0	0	0	0	0	0	0	0	0	0	0	0
00:10:00	600	0	0	0	0	0	0	0	0	0	0	0	0	0	0	0	0
00:15:00	900	0	0	0	0	0	0	0	0	0	0	0	0	0	0	0	0
00:20:00	1200	0	0	0	0	0	0	0	0	0	0	0	0	0	0	0	0
00:25:00	1500	0	0	0	0	0	0	0	0	0	0	0	0	0	0	0	0
00:30:00	1800	0	0	0	0	0	0	0	0	0	0	0	0	0	0	0	0
00:35:00	2100	0	0	0	0	0	0	0	0	0	0	0	0	0	0	0	0
00:40:00	2400	0	0	0	0	0	0	0	0	0	0	0	0	0	0	0	0
00:45:00	2700	0	0	0	0	0	0	0	0	0	0	0	0	0	0	0	0
00:50:00	3000	0	0	0	0	0	0	0	0	0	0	0	0	0	0	0	0
00:55:00	3300	0	0	0	0	0	0	0	0	0	0	0	0	0	0	0	0
01:00:00	3600	0	0	0	0	0	0	0	0	0	0	0	0	0	0	0	0
01:05:00	3900	0	0	0	0	0	0	0	0	0	0	0	0	0	0	0	0
01:10:00	4200	0	0	0	0	0	0	0	0	0	0	0	0	0	0	0	0
01:15:00	4500	0	0	0	0	0	0	0	0	0	0	0	0	0	0	0	0
01:20:00	4800	0	0	0	0	0	0	0	0	0	0	0	0	0	0	0	0
01:25:00	5100	0	0	0	0	0	0	0	0	0	0	0	0	0	0	0	0
01:30:00	5400	0	0	0	0	0	0	0	0	0	0	0	0	0	0	0	0
01:35:00	5700	0	0	0	0	0	0	0	0	0	0	0	0	0	0	0	0
01:40:00	6000	0	0	0	0	0	0	0	0	0	0	0	0	0	0	0	0
01:45:00	6300	0	0	0	0	0	0	0	0	0	0	0	0	0	0	0	0
01:50:00	6600	0	0	0	0	0	0	0	0	0	0	0	0	0	0	0	0
01:55:00	6900	0	0	0	0	0	0	0	0	0	0	0	0	0	0	0	0
02:00:00	7200	0	0	0	0	0	0	0	0	0	0	0	0	0	0	0	0
02:05:00	7500	0	0	0	0	0	0	0	0	0	0	0	0	0	0	0	0
02:10:00	7800	0	0	0	0	0	0	0	0	0	0	0	0	0	0	0	0
02:15:00	8100	0	0	0	0	0	0	0	0	0	0	0	0	0	0	0	0
02:20:00	8400	0	0	0	0	0	0	0	0	0	0	0	0	0	0	0	0
02:25:00	8700	0	0	0	0	0	0	0	0	0	0	0	0	0	0	0	0
02:30:00	9000	0	0	0	0	0	0	0	0	0	0	0	0	0	0	0	0
02:35:00	9300	0	0	0	0	0	0	0	0	0	0	0	0	0	0	0	0
02:40:00	9600	0	0	0	0	0	0	0	0	0	0	0	0	0	0	0	0
02:45:00	9900	0	0	0	0	0	0	0	0	0	0	0	0	0	0	0	0
02:50:00	10200	0	0	0	0	0	0	0	0	0	0	0	0	0	0	0	0
02:55:00	10500	0	0	0	0	0	0	0	0	0	0	0	0	0	0	0	0
03:00:00	10800	0	0	0	0	0	0	0	0	0	0	0	0	0	0	0	0
03:05:00	11100	0	0	0	0	0	0	0	0	0	0	0	0	0	0	0	0
03:10:00	11400	0	0	0	0	0	0	0	0	0	0	0	0	0	0	0	0
03:15:00	11700	0	0	0	0	0	0	0	0	0	0	0	0	0	0	0	0
03:20:00	12000	0	0	0	0	0	0	0	0	0	0	0	0	0	0	0	0
03:25:00	12300	0	0	0	0	0	0	0	0	0	0	0	0	0	0	0	0
03:30:00	12600	0	0	0	0	0	0	0	0	0	0	0	0	0	0	0	0
03:35:00	12900	0	0	0	0	0	0	0	0	0	0	0	0	0	0	0	0
03:40:00	13200	0	0	0	0	0	0	0	0	0	0	0	0	0	0	0	0
03:45:00	13500	0	0	0	0	0	0	0	0	0	0	0	0	0	0	0	0
03:50:00	13800	0	0	0	0	0	0	0	0	0	0	0	0	0	0	0	0
03:55:00	14100	0	0	0	0	0	0	0	0	0	0	0	0	0	0	0	0
04:00:00	14400	0	0	0	0	0	0	0	0	0	0	0	0	0	0	0	0
04:05:00	14700	0	0	0	0	0	0	0	0	0	0	0	0	0	0	0	0
04:10:00	15000	0	0	0	0	0	0	0	0	0	0	0	0	0	0	0	0
04:15:00	15300	0	0	0	0	0	0	0	0	0	0	0	0	0	0	0	0
04:20:00	15600	0	0	0	0	0	0	0	0	0	0	0	0	0	0	0	0
04:25:00	15900	0	0	0	0	0	0	0	0	0	0	0	0	0	0	0	0
04:30:00	16200	0	0	0	0	0	0	0	0	0	0	0	0	0	0	0	0
04:35:00	16500	0	0	0	0	0	0	0	0	0	0	0	0	0	0	0	0
04:40:00	16800	0	0	0	0	0	0	0	0	0	0	0	0	0	0	0	0
04:45:00	17100	1	0	0	1	0	0	0	0	0	0	0	0	1	0	0	1
04:50:00	17400	1	0	0	2	1	0	0	1	0	0	0	0	0	0	0	1
04:55:00	17700	0	0	0	2	0	0	0	1	0	0	0	0	0	0	0	1
05:00:00	18000	1	1	0	2	0	1	0	0	0	0	0	0	1	0	0	2
05:05:00	18300	2	0	0	4	0	0	0	0	0	0	0	0	2	0	0	4
05:10:00	18600	3	0	0	7	2	0	0	2	0	0	0	0	1	0	0	5
05:15:00	18900	8	2	0	13	4	1	0	5	1	0	0	1	3	1	0	7
05:20:00	19200	11	6	0	18	8	3	0	10	1	0	0	2	2	3	0	6
05:25:00	19500	9	8	0	19	7	8	0	9	0	0	0	2	2	0	0	8
05:30:00	19800	19	10	0	28	11	8	0	12	1	0	0	3	7	2	0	13
05:35:00	20100	29	9	0	48	17	9	0	20	0	0	0	3	12	0	0	25
05:40:00	20400	24	19	0	53	14	18	0	16	1	0	0	4	9	1	0	33
05:45:00	20700	40	20	0	73	17	13	0	20	6	0	0	10	17	7	0	43
05:50:00	21000	51	27	0	97	33	22	0	31	2	0	0	12	16	5	0	54
05:55:00	21300	55	35	0	117	25	32	0	24	2	0	0	14	28	3	0	79
06:00:00	21600	110	42	0	185	61	25	0	60	8	9	0	13	41	8	0	112
06:05:00	21900	157	98	0	244	69	58	0	71	19	14	0	18	69	26	0	155
06:10:00	22200	243	122	0	365	123	72	0	122	21	22	0	17	99	28	0	226
06:15:00	22500	307	184	0	488	152	114	0	160	33	20	0	30	122	50	0	298
06:20:00	22800	443	240	0	691	235	160	0	235	32	26	0	36	176	54	0	420
06:25:00	23100	554	329	0	916	248	211	0	272	53	39	0	50	253	79	0	594
06:30:00	23400	803	428	0	1291	377	273	0	376	75	50	0	75	351	105	0	840
06:35:00	23700	929	570	0	1650	424	344	0	456	100	77	0	98	405	149	0	1096
06:40:00	24000	1010	672	0	1988	429	399	0	486	111	99	0	110	470	174	0	1392
06:45:00	24300	1239	792	0	2435	497	456	0	527	146	111	0	145	596	225	0	1763
06:50:00	24600	1443	916	0	2962	607	487	0	647	167	146	0	166	669	283	0	2149
06:55:00	24900	1800	1171	0	3591	751	635	0	763	211	172	0	205	838	364	0	2623
07:00:00	25200	2281	1369	0	4503	893	700	0	956	279	209	0	275	1109	460	0	3272
07:05:00	25500	2978	1762	0	5719	1171	879	0	1248	354	273	0	356	1453	610	0	4115
07:10:00	25800	3871	2168	0	7422	1533	1164	0	1617	398	332	0	422	1940	672	0	5383
07:15:00	26100	4919	2709	0	9632	1906	1408	0	2115	560	413	0	569	2453	888	0	6948
07:20:00	26400	5746	3446	0	11932	2172	1772	0	2515	694	535	0	728	2880	1139	0	8689
07:25:00	26700	6414	3935	0	14411	2423	1943	0	2995	844	600	0	972	3147	1392	0	10444
07:30:00	27000	6719	4626	0	16504	2364	2132	0	3227	1059	753	0	1278	3296	1741	0	11999
07:35:00	27300	6476	4909	0	18071	2235	2157	0	3305	1047	862	0	1463	3194	1890	0	13303
07:40:00	27600	6031	5172	0	18930	1862	2059	0	3108	1168	915	0	1716	3001	2198	0	14106
07:45:00	27900	5624	5325	0	19229	1742	1835	0	3015	1242	1003	0	1955	2640	2487	0	14259
07:50:00	28200	4795	5394	0	18630	1235	1700	0	2550	1194	1093	0	2056	2366	2601	0	14024
07:55:00	28500	4414	5439	0	17605	1088	1524	0	2114	1109	1222	0	1943	2217	2693	0	13548
08:00:00	28800	3810	5164	0	16251	846	1283	0	1677	1049	1114	0	1878	1915	2767	0	12696
08:05:00	29100	3522	5024	0	14749	744	1064	0	1357	910	1240	0	1548	1868	2720	0	11844
08:10:00	29400	3044	4600	0	13193	637	907	0	1087	854	996	0	1406	1553	2697	0	10700
08:15:00	29700	2734	4220	0	11707	603	762	0	928	785	874	0	1317	1346	2584	0	9462
08:20:00	30000	2316	3727	0	10296	500	675	0	753	569	793	0	1093	1247	2259	0	8450
08:25:00	30300	2186	3466	0	9016	485	606	0	632	552	758	0	887	1149	2102	0	7497
08:30:00	30600	1842	3206	0	7652	385	561	0	456	436	689	0	634	1021	1956	0	6562
08:35:00	30900	1537	2598	0	6591	350	384	0	422	407	491	0	550	780	1723	0	5619
08:40:00	31200	1342	2298	0	5635	301	379	0	344	329	468	0	411	712	1451	0	4880
08:45:00	31500	1198	2073	0	4760	227	295	0	276	340	430	0	321	631	1348	0	4163
08:50:00	31800	907	1697	0	3970	173	230	0	219	257	297	0	281	477	1170	0	3470
08:55:00	32100	821	1392	0	3399	158	192	0	185	248	263	0	266	415	937	0	2948
09:00:00	32400	803	1157	0	3045	175	158	0	202	153	238	0	181	475	761	0	2662
09:05:00	32700	784	1052	0	2777	170	164	0	208	219	180	0	220	395	708	0	2349
09:10:00	33000	739	956	0	2560	165	168	0	205	163	193	0	190	411	595	0	2165
09:15:00	33300	764	958	0	2366	175	176	0	204	193	175	0	208	396	607	0	1954
09:20:00	33600	707	862	0	2211	153	162	0	195	172	183	0	197	382	517	0	1819
09:25:00	33900	705	806	0	2110	153	170	0	178	163	183	0	177	389	453	0	1755
09:30:00	34200	715	713	0	2112	151	143	0	186	176	154	0	199	388	416	0	1727
09:35:00	34500	680	774	0	2018	139	150	0	175	173	191	0	181	368	433	0	1662
09:40:00	34800	643	713	0	1948	158	157	0	176	152	155	0	178	333	401	0	1594
09:45:00	35100	716	733	0	1931	166	142	0	200	169	174	0	173	381	417	0	1558
09:50:00	35400	664	639	0	1956	153	148	0	205	146	156	0	163	365	335	0	1588
09:55:00	35700	739	741	0	1954	155	165	0	195	182	166	0	179	402	410	0	1580
10:00:00	36000	742	735	0	1961	157	178	0	174	190	163	0	206	395	394	0	1581
10:05:00	36300	676	674	0	1963	165	149	0	190	144	170	0	180	367	355	0	1593
10:10:00	36600	717	676	0	2004	157	153	0	194	166	162	0	184	394	361	0	1626
10:15:00	36900	762	757	0	2009	148	176	0	166	203	171	0	216	411	410	0	1627
10:20:00	37200	773	730	0	2052	166	147	0	185	163	198	0	181	444	385	0	1686
10:25:00	37500	708	691	0	2069	162	151	0	196	178	162	0	197	368	378	0	1676
10:30:00	37800	735	764	0	2040	160	188	0	168	176	179	0	194	399	397	0	1678
10:35:00	38100	735	730	0	2045	167	150	0	185	189	174	0	209	379	406	0	1651
10:40:00	38400	754	735	0	2064	164	158	0	191	176	187	0	198	414	390	0	1675
10:45:00	38700	736	730	0	2070	173	157	0	207	167	174	0	191	396	399	0	1672
10:50:00	39000	713	732	0	2051	165	166	0	206	174	170	0	195	374	396	0	1650
10:55:00	39300	718	734	0	2035	160	170	0	196	187	175	0	207	371	389	0	1632
11:00:00	39600	740	737	0	2038	171	161	0	206	181	176	0	212	388	400	0	1620
11:05:00	39900	785	781	0	2042	162	168	0	200	186	193	0	205	437	420	0	1637
11:10:00	40200	754	742	0	2054	159	155	0	204	189	184	0	210	406	403	0	1640
11:15:00	40500	731	727	0	2058	137	165	0	176	168	191	0	187	426	371	0	1695
11:20:00	40800	740	732	0	2066	159	155	0	180	185	184	0	188	396	393	0	1698
11:25:00	41100	727	734	0	2059	174	156	0	198	172	166	0	194	381	412	0	1667
11:30:00	41400	707	719	0	2047	150	168	0	180	160	172	0	182	397	379	0	1685
11:35:00	41700	742	703	0	2086	172	149	0	203	180	167	0	195	390	387	0	1688
11:40:00	42000	729	702	0	2113	173	164	0	212	147	173	0	169	409	365	0	1732
11:45:00	42300	718	734	0	2097	152	176	0	188	198	159	0	208	368	399	0	1701
11:50:00	42600	693	719	0	2071	141	159	0	170	165	172	0	201	387	388	0	1700
11:55:00	42900	734	709	0	2096	158	135	0	193	183	177	0	207	393	397	0	1696
12:00:00	43200	731	705	0	2122	156	164	0	185	171	172	0	206	404	369	0	1731
12:05:00	43500	736	728	0	2130	166	152	0	199	174	181	0	199	396	395	0	1732
12:10:00	43800	696	756	0	2070	143	172	0	170	182	180	0	201	371	404	0	1699
12:15:00	44100	765	724	0	2111	162	151	0	181	183	189	0	195	420	384	0	1735
12:20:00	44400	708	712	0	2107	138	149	0	170	181	168	0	208	389	395	0	1729
12:25:00	44700	754	754	0	2107	147	137	0	180	191	191	0	208	416	426	0	1719
12:30:00	45000	728	716	0	2119	150	150	0	180	185	172	0	221	393	394	0	1718
12:35:00	45300	804	801	0	2122	160	155	0	185	191	206	0	206	453	440	0	1731
12:40:00	45600	735	758	0	2099	168	157	0	196	189	175	0	220	378	426	0	1683
12:45:00	45900	724	720	0	2103	144	158	0	182	170	199	0	191	410	363	0	1730
12:50:00	46200	731	757	0	2077	161	157	0	186	182	175	0	198	388	425	0	1693
12:55:00	46500	722	736	0	2063	152	163	0	175	176	177	0	197	394	396	0	1691
13:00:00	46800	704	717	0	2050	154	145	0	184	163	171	0	189	387	401	0	1677
13:05:00	47100	705	726	0	2029	153	155	0	182	183	167	0	205	369	404	0	1642
13:10:00	47400	760	745	0	2044	181	162	0	201	175	184	0	196	404	399	0	1647
13:15:00	47700	749	715	0	2078	166	168	0	199	184	161	0	219	399	386	0	1660
13:20:00	48000	766	732	0	2112	169	170	0	198	174	193	0	200	423	369	0	1714
13:25:00	48300	735	730	0	2117	159	158	0	199	186	173	0	213	390	399	0	1705
13:30:00	48600	746	719	0	2144	167	147	0	219	186	188	0	211	393	384	0	1714
13:35:00	48900	726	762	0	2108	154	178	0	195	164	186	0	189	408	398	0	1724
13:40:00	49200	712	737	0	2083	140	161	0	174	170	169	0	190	402	407	0	1719
13:45:00	49500	738	682	0	2139	158	130	0	202	175	164	0	201	405	388	0	1736
13:50:00	49800	777	777	0	2139	159	163	0	198	203	183	0	221	415	431	0	1720
13:55:00	50100	701	702	0	2138	144	144	0	198	160	185	0	196	397	373	0	1744
14:00:00	50400	718	767	0	2089	144	162	0	180	191	182	0	205	383	423	0	1704
14:05:00	50700	741	727	0	2103	164	154	0	190	176	172	0	209	401	401	0	1704
14:10:00	51000	707	734	0	2076	143	156	0	177	181	178	0	212	383	400	0	1687
14:15:00	51300	737	749	0	2064	150	150	0	177	198	178	0	232	389	421	0	1655
14:20:00	51600	790	794	0	2060	157	165	0	169	201	214	0	219	432	415	0	1672
14:25:00	51900	734	734	0	2060	154	141	0	182	166	182	0	203	414	411	0	1675
14:30:00	52200	725	710	0	2075	160	144	0	198	175	177	0	201	390	389	0	1676
14:35:00	52500	688	685	0	2078	149	168	0	179	141	169	0	173	398	348	0	1726
14:40:00	52800	720	720	0	2078	165	157	0	187	166	159	0	180	389	404	0	1711
14:45:00	53100	750	733	0	2095	176	167	0	196	196	153	0	223	378	413	0	1676
14:50:00	53400	716	713	0	2098	152	150	0	198	157	194	0	186	407	369	0	1714
14:55:00	53700	713	729	0	2082	124	162	0	160	199	172	0	213	390	395	0	1709
15:00:00	54000	729	718	0	2093	143	130	0	173	192	194	0	211	394	394	0	1709
15:05:00	54300	717	729	0	2081	157	148	0	182	171	180	0	202	389	401	0	1697
15:10:00	54600	718	734	0	2065	157	142	0	197	180	174	0	208	381	418	0	1660
15:15:00	54900	735	727	0	2073	158	159	0	196	169	180	0	197	408	388	0	1680
15:20:00	55200	722	756	0	2039	154	179	0	171	172	180	0	189	396	397	0	1679
15:25:00	55500	693	680	0	2052	139	126	0	184	178	163	0	204	376	391	0	1664
15:30:00	55800	702	691	0	2063	145	149	0	180	169	176	0	197	388	366	0	1686
15:35:00	56100	755	715	0	2103	177	149	0	208	170	185	0	182	408	381	0	1713
15:40:00	56400	738	713	0	2128	174	172	0	210	161	154	0	189	403	387	0	1729
15:45:00	56700	810	741	0	2197	200	187	0	223	177	180	0	186	433	374	0	1788
15:50:00	57000	811	762	0	2246	202	181	0	244	191	163	0	214	418	418	0	1788
15:55:00	57300	858	826	0	2278	211	205	0	250	208	192	0	230	439	429	0	1798
16:00:00	57600	897	821	0	2354	221	200	0	271	190	197	0	223	486	424	0	1860
16:05:00	57900	927	849	0	2432	229	234	0	266	210	183	0	250	488	432	0	1916
16:10:00	58200	999	879	0	2552	274	229	0	311	210	226	0	234	515	424	0	2007
16:15:00	58500	1129	949	0	2732	339	280	0	370	221	208	0	247	569	461	0	2115
16:20:00	58800	1263	1036	0	2959	400	319	0	451	228	225	0	250	635	492	0	2258
16:25:00	59100	1364	1124	0	3199	430	401	0	480	270	217	0	303	664	506	0	2416
16:30:00	59400	1617	1276	0	3540	532	439	0	573	301	265	0	339	784	572	0	2628
16:35:00	59700	1706	1395	0	3851	590	519	0	644	298	293	0	344	818	583	0	2863
16:40:00	60000	1858	1520	0	4189	678	592	0	730	317	311	0	350	863	617	0	3109
16:45:00	60300	2022	1644	0	4567	734	643	0	821	339	317	0	372	949	684	0	3374
16:50:00	60600	2299	1772	0	5094	791	699	0	913	406	326	0	452	1102	747	0	3729
16:55:00	60900	2638	2013	0	5719	961	818	0	1056	440	386	0	506	1237	809	0	4157
17:00:00	61200	3155	2302	0	6572	1140	968	0	1228	460	449	0	517	1555	885	0	4827
17:05:00	61500	3794	2537	0	7829	1333	1069	0	1492	581	444	0	654	1880	1024	0	5683
17:10:00	61800	4778	3005	0	9602	1714	1310	0	1896	667	545	0	776	2397	1150	0	6930
17:15:00	62100	5676	3369	0	11909	2099	1442	0	2553	830	550	0	1056	2747	1377	0	8300
17:20:00	62400	6668	4082	0	14495	2337	1764	0	3126	972	681	0	1347	3359	1637	0	10022
17:25:00	62700	7168	4589	0	17074	2446	1925	0	3647	1177	775	0	1749	3545	1889	0	11678
17:30:00	63000	7376	4993	0	19457	2533	2077	0	4103	1277	832	0	2194	3566	2084	0	13160
17:35:00	63300	7204	5432	0	21229	2297	2101	0	4299	1398	946	0	2646	3509	2385	0	14284
17:40:00	63600	6677	5779	0	22127	1902	1998	0	4203	1435	1130	0	2951	3340	2651	0	14973
17:45:00	63900	6289	6103	0	22313	1686	2001	0	3888	1477	1276	0	3152	3126	2826	0	15273
17:50:00	64200	5249	5918	0	21644	1393	1879	0	3402	1317	1143	0	3326	2539	2896	0	14916
17:55:00	64500	4826	5952	0	20518	1140	1672	0	2870	1140	1465	0	3001	2546	2815	0	14647
18:00:00	64800	4260	5712	0	19066	935	1437	0	2368	1115	1335	0	2781	2210	2940	0	13917
18:05:00	65100	3720	5213	0	17573	802	1252	0	1918	894	1227	0	2448	2024	2734	0	13207
18:10:00	65400	3310	4927	0	15956	727	1033	0	1612	793	1116	0	2125	1790	2778	0	12219
18:15:00	65700	2914	4637	0	14233	627	883	0	1356	708	971	0	1862	1579	2783	0	11015
18:20:00	66000	2684	4290	0	12627	572	818	0	1110	600	955	0	1507	1512	2517	0	10010
18:25:00	66300	2432	3960	0	11099	525	716	0	919	539	880	0	1166	1368	2364	0	9014
18:30:00	66600	2077	3568	0	9608	411	619	0	711	476	768	0	874	1190	2181	0	8023
18:35:00	66900	1886	3149	0	8345	354	559	0	506	448	670	0	652	1084	1920	0	7187
18:40:00	67200	1670	2747	0	7268	312	400	0	418	407	608	0	451	951	1739	0	6399
18:45:00	67500	1318	2260	0	6326	271	350	0	339	339	388	0	402	708	1522	0	5585
18:50:00	67800	1191	1974	0	5543	241	289	0	291	313	352	0	363	637	1333	0	4889
18:55:00	68100	1012	1669	0	4886	210	246	0	255	275	309	0	329	527	1114	0	4302
19:00:00	68400	925	1519	0	4292	177	214	0	218	242	294	0	277	506	1011	0	3797
19:05:00	68700	889	1308	0	3873	193	177	0	234	218	243	0	252	478	888	0	3387
19:10:00	69000	833	1237	0	3469	152	182	0	204	208	229	0	231	473	826	0	3034
19:15:00	69300	786	1150	0	3105	154	170	0	188	217	207	0	241	415	773	0	2676
19:20:00	69600	783	1060	0	2828	166	163	0	191	196	212	0	225	421	685	0	2412
19:25:00	69900	718	956	0	2590	136	156	0	171	176	207	0	194	406	593	0	2225
19:30:00	70200	672	847	0	2415	127	151	0	147	155	173	0	176	390	523	0	2092
19:35:00	70500	658	759	0	2314	146	122	0	171	151	151	0	176	361	486	0	1967
19:40:00	70800	666	756	0	2224	131	146	0	156	162	155	0	183	373	455	0	1885
19:45:00	71100	535	728	0	2031	93	137	0	112	156	164	0	175	286	427	0	1744
19:50:00	71400	556	689	0	1898	97	93	0	116	161	160	0	176	298	436	0	1606
19:55:00	71700	539	613	0	1824	87	91	0	112	147	166	0	157	305	356	0	1555
20:00:00	72000	515	647	0	1692	84	88	0	108	154	153	0	158	277	406	0	1426
20:05:00	72300	490	553	0	1629	94	84	0	118	126	134	0	150	270	335	0	1361
20:10:00	72600	488	578	0	1539	73	92	0	99	145	142	0	153	270	344	0	1287
20:15:00	72900	457	498	0	1498	87	82	0	104	120	134	0	139	250	282	0	1255
20:20:00	73200	436	492	0	1442	78	84	0	98	117	127	0	129	241	281	0	1215
20:25:00	73500	442	493	0	1391	92	85	0	105	97	116	0	110	253	292	0	1176
20:30:00	73800	401	472	0	1320	57	75	0	87	113	102	0	121	231	295	0	1112
20:35:00	74100	388	425	0	1283	84	78	0	93	105	105	0	121	199	242	0	1069
20:40:00	74400	368	413	0	1238	64	74	0	83	100	108	0	113	204	231	0	1042
20:45:00	74700	370	414	0	1194	60	69	0	74	103	103	0	113	207	242	0	1007
20:50:00	75000	341	403	0	1132	62	54	0	82	87	103	0	97	192	246	0	953
20:55:00	75300	299	357	0	1074	63	67	0	78	74	85	0	86	162	205	0	910
21:00:00	75600	200	325	0	949	21	64	0	35	72	68	0	90	107	193	0	824
21:05:00	75900	197	290	0	856	22	33	0	24	52	81	0	61	123	176	0	771
21:10:00	76200	158	232	0	782	17	19	0	22	54	58	0	57	87	155	0	703
21:15:00	76500	115	209	0	688	11	16	0	17	48	42	0	63	56	151	0	608
21:20:00	76800	119	197	0	610	12	14	0	15	27	56	0	34	80	127	0	561
21:25:00	77100	79	160	0	529	11	12	0	14	24	29	0	29	44	119	0	486
21:30:00	77400	79	134	0	474	9	9	0	14	31	26	0	34	39	99	0	426
21:35:00	77700	71	129	0	416	12	11	0	15	12	30	0	16	47	88	0	385
21:40:00	78000	44	111	0	349	6	12	0	9	15	13	0	18	23	86	0	322
21:45:00	78300	49	107	0	291	3	8	0	4	13	16	0	15	33	83	0	272
21:50:00	78600	36	69	0	258	3	2	0	5	11	15	0	11	22	52	0	242
21:55:00	78900	25	56	0	227	4	5	0	4	9	9	0	11	12	42	0	212
22:00:00	79200	22	53	0	196	2	6	0	0	7	9	0	9	13	38	0	187
22:05:00	79500	20	35	0	181	2	0	0	2	8	6	0	11	10	29	0	168
22:10:00	79800	12	34	0	159	0	1	0	1	2	9	0	4	10	24	0	154
22:15:00	80100	12	40	0	131	1	1	0	1	4	6	0	2	7	33	0	128
22:20:00	80400	6	20	0	117	0	0	0	1	3	2	0	3	3	18	0	113
22:25:00	80700	5	20	0	102	0	1	0	0	2	2	0	3	3	17	0	99
22:30:00	81000	5	21	0	86	0	0	0	0	0	2	0	1	5	19	0	85
22:35:00	81300	2	14	0	74	0	0	0	0	1	1	0	1	1	13	0	73
22:40:00	81600	3	9	0	68	1	0	0	1	0	1	0	0	2	8	0	67
22:45:00	81900	1	11	0	58	0	1	0	0	0	0	0	0	1	10	0	58
22:50:00	82200	0	4	0	54	0	0	0	0	0	0	0	0	0	4	0	54
22:55:00	82500	0	10	0	44	0	0	0	0	0	0	0	0	0	10	0	44
23:00:00	82800	1	6	0	39	0	0	0	0	0	0	0	0	1	6	0	39
23:05:00	83100	0	2	0	37	0	0	0	0	0	0	0	0	0	2	0	37
23:10:00	83400	0	2	0	35	0	0	0	0	0	0	0	0	0	2	0	35
23:15:00	83700	0	2	0	33	0	0	0	0	0	0	0	0	0	2	0	33
23:20:00	84000	0	1	0	32	0	0	0	0	0	0	0	0	0	1	0	32
23:25:00	84300	0	6	0	26	0	0	0	0	0	0	0	0	0	6	0	26
23:30:00	84600	0	0	0	26	0	0	0	0	0	0	0	0	0	0	0	26
23:35:00	84900	0	3	0	23	0	0	0	0	0	0	0	0	0	3	0	23
23:40:00	85200	0	1	0	22	0	0	0	0	0	0	0	0	0	1	0	22
23:45:00	85500	0	1	0	21	0	0	0	0	0	0	0	0	0	1	0	21
23:50:00	85800	0	2	0	19	0	0	0	0	0	0	0	0	0	2	0	19
23:55:00	86100	0	2	0	17	0	0	0	0	0	0	0	0	0	2	0	17
24:00:00	86400	0	1	0	16	0	0	0	0	0	0	0	0	0	1	0	16
24:05:00	86700	0	3	0	13	0	0	0	0	0	0	0	0	0	3	0	13
24:10:00	87000	0	0	0	13	0	0	0	0	0	0	0	0	0	0	0	13
24:15:00	87300	0	1	0	12	0	0	0	0	0	0	0	0	0	1	0	12
24:20:00	87600	0	0	0	12	0	0	0	0	0	0	0	0	0	0	0	12
24:25:00	87900	0	1	0	11	0	0	0	0	0	0	0	0	0	1	0	11
24:30:00	88200	0	0	0	11	0	0	0	0	0	0	0	0	0	0	0	11
24:35:00	88500	0	3	0	8	0	0	0	0	0	0	0	0	0	3	0	8
24:40:00	88800	0	1	0	7	0	0	0	0	0	0	0	0	0	1	0	7
24:45:00	89100	0	1	0	6	0	0	0	0	0	0	0	0	0	1	0	6
24:50:00	89400	0	0	0	6	0	0	0	0	0	0	0	0	0	0	0	6
24:55:00	89700	0	0	0	6	0	0	0	0	0	0	0	0	0	0	0	6
25:00:00	90000	0	0	0	6	0	0	0	0	0	0	0	0	0	0	0	6
25:05:00	90300	0	1	0	5	0	0	0	0	0	0	0	0	0	1	0	5
25:10:00	90600	0	0	0	5	0	0	0	0	0	0	0	0	0	0	0	5
25:15:00	90900	0	0	0	5	0	0	0	0	0	0	0	0	0	0	0	5
25:20:00	91200	0	0	0	5	0	0	0	0	0	0	0	0	0	0	0	5
25:25:00	91500	0	0	0	5	0	0	0	0	0	0	0	0	0	0	0	5
25:30:00	91800	0	0	0	5	0	0	0	0	0	0	0	0	0	0	0	5
25:35:00	92100	0	0	0	5	0	0	0	0	0	0	0	0	0	0	0	5
25:40:00	92400	0	0	0	5	0	0	0	0	0	0	0	0	0	0	0	5
25:45:00	92700	0	3	0	2	0	0	0	0	0	0	0	0	0	3	0	2
25:50:00	93000	0	0	0	2	0	0	0	0	0	0	0	0	0	0	0	2
25:55:00	93300	0	0	0	2	0	0	0	0	0	0	0	0	0	0	0	2
26:00:00	93600	0	0	0	2	0	0	0	0	0	0	0	0	0	0	0	2
26:05:00	93900	0	0	0	2	0	0	0	0	0	0	0	0	0	0	0	2
26:10:00	94200	0	0	0	2	0	0	0	0	0	0	0	0	0	0	0	2
26:15:00	94500	0	1	0	1	0	0	0	0	0	0	0	0	0	1	0	1
26:20:00	94800	0	0	0	1	0	0	0	0	0	0	0	0	0	0	0	1
26:25:00	95100	0	0	0	1	0	0	0	0	0	0	0	0	0	0	0	1
26:30:00	95400	0	0	0	1	0	0	0	0	0	0	0	0	0	0	0	1
26:35:00	95700	0	0	0	1	0	0	0	0	0	0	0	0	0	0	0	1
26:40:00	96000	0	1	0	0	0	0	0	0	0	0	0	0	0	1	0	0
26:45:00	96300	0	0	0	0	0	0	0	0	0	0	0	0	0	0	0	0
26:50:00	96600	0	0	0	0	0	0	0	0	0	0	0	0	0	0	0	0
26:55:00	96900	0	0	0	0	0	0	0	0	0	0	0	0	0	0	0	0
27:00:00	97200	0	0	0	0	0	0	0	0	0	0	0	0	0	0	0	0
27:05:00	97500	0	0	0	0	0	0	0	0	0	0	0	0	0	0	0	0
27:10:00	97800	0	0	0	0	0	0	0	0	0	0	0	0	0	0	0	0
27:15:00	98100	0	0	0	0	0	0	0	0	0	0	0	0	0	0	0	0
27:20:00	98400	0	0	0	0	0	0	0	0	0	0	0	0	0	0	0	0
27:25:00	98700	0	0	0	0	0	0	0	0	0	0	0	0	0	0	0	0
27:30:00	99000	0	0	0	0	0	0	0	0	0	0	0	0	0	0	0	0
27:35:00	99300	0	0	0	0	0	0	0	0	0	0	0	0	0	0	0	0
27:40:00	99600	0	0	0	0	0	0	0	0	0	0	0	0	0	0	0	0
27:45:00	99900	0	0	0	0	0	0	0	0	0	0	0	0	0	0	0	0
27:50:00	100200	0	0	0	0	0	0	0	0	0	0	0	0	0	0	0	0
27:55:00	100500	0	0	0	0	0	0	0	0	0	0	0	0	0	0	0	0
28:00:00	100800	0	0	0	0	0	0	0	0	0	0	0	0	0	0	0	0
28:05:00	101100	0	0	0	0	0	0	0	0	0	0	0	0	0	0	0	0
28:10:00	101400	0	0	0	0	0	0	0	0	0	0	0	0	0	0	0	0
28:15:00	101700	0	0	0	0	0	0	0	0	0	0	0	0	0	0	0	0
28:20:00	102000	0	0	0	0	0	0	0	0	0	0	0	0	0	0	0	0
28:25:00	102300	0	0	0	0	0	0	0	0	0	0	0	0	0	0	0	0
28:30:00	102600	0	0	0	0	0	0	0	0	0	0	0	0	0	0	0	0
28:35:00	102900	0	0	0	0	0	0	0	0	0	0	0	0	0	0	0	0
28:40:00	103200	0	0	0	0	0	0	0	0	0	0	0	0	0	0	0	0
28:45:00	103500	0	0	0	0	0	0	0	0	0	0	0	0	0	0	0	0
28:50:00	103800	0	0	0	0	0	0	0	0	0	0	0	0	0	0	0	0
28:55:00	104100	0	0	0	0	0	0	0	0	0	0	0	0	0	0	0	0
29:00:00	104400	0	0	0	0	0	0	0	0	0	0	0	0	0	0	0	0
29:05:00	104700	0	0	0	0	0	0	0	0	0	0	0	0	0	0	0	0
29:10:00	105000	0	0	0	0	0	0	0	0	0	0	0	0	0	0	0	0
29:15:00	105300	0	0	0	0	0	0	0	0	0	0	0	0	0	0	0	0
29:20:00	105600	0	0	0	0	0	0	0	0	0	0	0	0	0	0	0	0
29:25:00	105900	0	0	0	0	0	0	0	0	0	0	0	0	0	0	0	0
29:30:00	106200	0	0	0	0	0	0	0	0	0	0	0	0	0	0	0	0
29:35:00	106500	0	0	0	0	0	0	0	0	0	0	0	0	0	0	0	0
29:40:00	106800	0	0	0	0	0	0	0	0	0	0	0	0	0	0	0	0
29:45:00	107100	0	0	0	0	0	0	0	0	0	0	0	0	0	0	0	0
29:50:00	107400	0	0	0	0	0	0	0	0	0	0	0	0	0	0	0	0
29:55:00	107700	0	0	0	0	0	0	0	0	0	0	0	0	0	0	0	0
30:00:00	108000	0	0	0	0	0	0	0	0	0	0	0	0	0	0	0	0
30:05:00	108300	0	0	0	0	0	0	0	0	0	0	0	0	0	0	0	0
